0.09535167131876589 0.9054948179185048 
0.9313464655914878 0.0699261551491885 
0.0778072426383898 0.922349069078646 
0.9957840440542 0.004563063140520744 
0.09196476439046676 0.9096295134824943 
0.034181818782897944 0.9670503992894205 
0.06062392834385319 0.9405384073591098 
0.889974914343324 0.11079931729961716 
0.9676478673418146 0.03338869557988377 
0.03789819543438432 0.9628912558851591 
0.9912827383009164 0.008918214190550996 
0.06485588159122017 0.9367738608676256 
0.05585410405986209 0.9447666728036226 
0.9595607217095321 0.041979795331061866 
0.05301243462109356 0.9496926652028568 
0.08278850467522775 0.9189613028524735 
0.02652210405278736 0.9739707141519772 
0.9447889953115968 0.05554542803627635 
0.9636188210408153 0.03722691770549505 
0.07316989818216174 0.9271215537446713 
0.9880360586675309 0.014399918091287706 
0.9353835693985658 0.06492598419977433 
0.7980919236725209 0.20343668960742142 
0.15166786416259992 0.8491035794737352 
0.2459702047742689 0.7553374162098837 
0.8193159578394995 0.18192548289926452 
0.06914581982076545 0.9325838008304143 
0.766594009244478 0.2341543734252237 
0.047287426111661944 0.9546074239574915 
0.8944205096977939 0.10705207391494771 
0.9396349103351334 0.0609867790079675 
0.156246189179237 0.8450021996910637 
0.9500323533802221 0.05087791717852946 
0.8892118948466118 0.11736922845758978 
0.765076611804449 0.2382608946829483 
0.15995034584531923 0.8406742676740329 
0.14679627922466185 0.8537639968357829 
0.7734093869557884 0.2291975751059138 
0.9046515902848238 0.0966690317404173 
0.7825619295548458 0.21933313629705561 
0.13336773130745666 0.8685621474661083 
0.24003100228380253 0.7601781227923392 
0.2184835616535044 0.7822705426659057 
0.7870305505491282 0.2139584583018189 
0.9263055181122501 0.07433230692168236 
0.8997973155221268 0.10206616912788262 
0.0 1.000016269941261 
0.921654027741657 0.07977427571978786 
1.0000187104299063 0.0 
0.9539765974268591 0.04658184517956188 
0.9159409511945964 0.08508047878629467 
0.8403666500913987 0.16062546143310621 
0.24905330051026878 0.7517603196694321 
0.7783403988726241 0.2253253189318034 
0.8067918648719409 0.19340222870528817 
0.1891608391312916 0.8114852854431627 
0.8539796695667131 0.14667871544456243 
0.8656238274594672 0.13599707258410104 
0.08711161392715232 0.9131585106866017 
0.9774508285795064 0.022710014733980127 
0.20571248068591724 0.7947250751671289 
0.12091154044247303 0.8796583772820112 
0.2227503879446256 0.7787850019712714 
0.19522228287579624 0.8057719804544298 
0.2006733581337375 0.7997975791266798 
0.8351195056073146 0.16574459749096884 
0.8828430584257329 0.11819541238951989 
0.17699692492538385 0.8232708224376989 
0.8481120787449306 0.1535980716636036 
0.8718939658393902 0.13159624493518507 
0.9718755280555745 0.02880569231105699 
0.1373289178218826 0.8636879326146083 
0.878053793107174 0.1231466305993212 
0.23490074685088666 0.765581964297416 
0.11569355883345965 0.885947482475568 
0.8777701254191584 0.13049580460035612 
0.9827133079851184 0.017842761120578643 
0.7916538698796027 0.20897202957892552 
0.8292749451812014 0.17104931976205448 
0.01055584167454851 0.9897182663231409 
0.18277592270753795 0.8175320617972024 
0.17107456664322593 0.8297717809349803 
0.042600584977835476 0.9576337793645481 
0.8014763897033619 0.19911923928282896 
0.021116865299177282 0.9794027641194482 
0.14301178236101106 0.8588962464992229 
0.8609582048929737 0.1406793770813139 
0.824271446345143 0.17642938964402258 
0.005846432718322617 0.9956190103072092 
0.8133705211740487 0.18827418241946922 
0.03286677577361063 0.9733595548479023 
0.01663029208400367 0.9856138905877296 
0.8453738409571293 0.15806983784810968 
0.9095947172848066 0.09135932473260554 
0.10183217294117411 0.8983626835565128 
0.21193759091383205 0.7884850126377886 
0.2276956958297947 0.7727057949848881 
0.16758350233783822 0.8356782545805351 
0.10858004502630084 0.8918873804240338 
0.12703538507283296 0.8737961929321068 
