1.0057989701982435 0.0 0.0 
0.0 1.0313504926949877 0.0 
0.0 0.0 1.0102484359931532 
0.6981183582342645 0.09474107193016532 0.0 
0.0 0.06042678981493894 0.7928171492537939 
0.7347168851937613 0.003290174819863253 0.05092827449566665 
0.303494939914312 0.32590364703227453 0.0 
0.8491436633563799 0.012393071001341143 0.0 
3.615133660906795E-4 8.595028101500205E-6 0.9815580295436365 
0.9834067279551061 8.99433420223782E-4 0.0 
0.9581211428410301 0.009034956021417923 0.0 
0.01729392476038622 0.017105862758338836 0.825185564316981 
0.029954256741791405 0.46642438051275276 0.09428827461761083 
0.01307218299414817 0.024363720298174896 0.7548911546925221 
0.8370713939585537 0.0 0.02602976596339976 
0.033912849054559595 0.0024211105702095265 0.859197918537495 
0.016158812007625655 0.858622673102947 0.0 
0.0 0.06274996176336455 0.7139389465538043 
0.8847269863731617 0.007147184521899973 1.4208512765973615E-4 
0.13113274532747987 0.548854696428613 0.0 
0.18290503389900747 0.05643355244258408 0.31659201016192 
0.21175155622075603 0.1002658925006625 0.1841265756391227 
0.07385734217338868 0.09635271420899764 0.4381799331092193 
0.13406473357167006 0.07813564185502103 0.38850446759814905 
0.062224619136910506 0.3493775192117793 0.20611920118307928 
0.16333369596748218 0.10673651965993775 0.27531367084690306 
0.4046461032430693 0.0 0.2996731954890859 
0.2861306886623106 0.17686862354831634 0.03480665220380905 
0.9022946399036892 0.0 0.007064875352282395 
0.0032149068969091876 4.6920881772364155E-5 0.9517637632469501 
0.017073824928081065 0.8336562589390043 0.0 
0.8071161621618873 0.015189487467828057 0.024478321201235057 
0.00867253315738813 0.04144953124188784 0.6322011548207007 
0.349219685261791 0.13445336490424753 0.04889268327877403 
0.22494401655313034 0.05311366708616792 0.2642067871654291 
0.44685958712428747 0.18176878396309623 0.004834041502061338 
0.24012216627894928 0.44117486290866165 0.0 
0.3647890841428802 8.230461474301105E-4 0.28212456259786656 
0.0010720878720545798 1.0067216970257484 0.0 
0.0018080676528968033 0.6761106128134381 0.06628408431078898 
0.11970466827079264 0.02860422071082109 0.5351183412696431 
0.009619272214138304 1.5174165561356483E-5 0.9104783292738815 
0.009096295629265502 0.09795242995501424 0.5467432799248025 
0.9303756872584067 3.671096045395788E-5 0.004688259248806454 
0.1271949746922873 0.0 0.6831116599842748 
0.014990657692609455 0.02291920301691355 0.6565863711142728 
0.06983729911584334 0.5957607801364506 0.015065462391942506 
0.6450818653190125 0.0242844063780568 0.01907399967968719 
0.628412630493016 0.046661050013704776 0.034152944247213726 
0.012198435698905528 0.8780521584633202 0.01545552818141398 
0.34170628106813256 0.06727988358586637 0.10340723147504012 
0.0 0.8190605836522891 0.028499233049836124 
0.07522027106922614 0.098130762193442 0.4081391480712217 
0.030017678754564677 0.09011116385845874 0.6203817553140227 
0.05277885539233093 0.25261768738904855 0.3316046807753555 
0.2760191381433266 0.08833373516901054 0.1759832292366247 
0.6132950962652204 0.0 0.10931401355442358 
0.11034381514336865 0.14706683393070022 0.3645308928680738 
0.0 0.9006323750004909 0.010003099070199554 
0.4297234290634817 3.282877511424433E-5 0.19940758767601202 
0.10811641267982537 0.6206502908217143 0.0 
0.014477068417435738 0.5733989948712246 0.07787523307984663 
0.0 0.6402861901997804 0.15511702643992475 
0.003360988868477749 0.006090043791574476 0.889520271550429 
0.0 0.9246023597638627 0.00746865563094615 
0.5780528819552697 0.0 0.12003158280648245 
0.0 0.12691029648645677 0.56923289616537 
0.0193974353211983 0.7535705738315859 0.011106707875094513 
0.14459905028940012 0.506394209837804 2.978654424196864E-4 
0.6579244162902501 0.04567798213472875 0.006208995367002349 
0.0035634207095808974 0.9555363475740011 1.8218932581125672E-4 
0.0034690646474652125 0.9658833695828433 0.0 
0.46174816971935284 0.021334195241284513 0.1491395511937852 
0.047119790082729894 0.004002574418253732 0.7353737902697373 
0.006315845567410126 0.8013847445963497 0.0160766082632816 
0.0666978166650889 0.010895632635653702 0.6032740528426471 
0.05463197890299529 0.69298163326823 4.2888072997109293E-4 
0.15513656865310782 0.3580394326934658 0.059143844246763624 
0.004129133609981121 0.9335298593121178 1.793627244760864E-4 
0.5435439009167992 0.0 0.17278616376390016 
0.5069625373404985 0.01492386875320039 0.1289218176987464 
0.6843756050838868 0.02861266165593744 0.013325044595544523 
0.014436665585245303 0.1965456895349157 0.46851283878017613 
0.007025459116597962 0.09157932177953192 0.5872359014580248 
0.5884746906780957 0.015781113834675065 0.08095109429055528 
0.049575961684382844 0.07779196099623997 0.5177417184364633 
0.1257177264550488 0.3816870346045012 0.0610666719331933 
0.1921877550554991 0.019371974325667105 0.39599185085975136 
0.0013311499496223283 0.39311902188064407 0.23186031384274447 
0.0 0.7745740708680499 0.0362260120755711 
0.2155189505434814 0.493469593021292 0.0 
0.3291763361442205 0.0015541782021312634 0.2910615285838959 
0.169855388223381 0.004957936866728897 0.44975424706107814 
0.39480332805885443 0.0 0.3422019352787031 
0.02143367867114358 0.1367149783869309 0.4890306738149948 
0.9386773827998862 0.0 0.004688259248806454 
0.5313385706901995 0.03329181952375645 0.09593493004578518 
0.013863722492722623 0.024929894226414697 0.6664340095714834 
0.025903849720469285 0.34941976460554075 0.25498610817201905 
0.06866512029982866 0.3002662323832913 0.24388623420172215 
0.19330992033981828 0.21520836530475687 0.07205464032692296 
0.025169427843333796 0.2574115963927576 0.3501766742928021 
4.765853892106742E-4 2.664109743041009E-6 0.9998602929410061 
0.09557113707389733 0.6304819168396796 0.0011351773053903894 
0.5232101807143776 0.15996157871247285 0.0020858821886801282 
0.18560504339380676 0.1559004095951271 0.2174899592540522 
0.7572977350934156 0.0 0.0711525002321443 
0.0014501809206393236 0.428271589713427 0.22309032797087103 
0.03563935293213748 0.7042840872244329 0.024607014448273883 
0.37749382755681865 0.0 0.361532999930488 
0.09669297950568842 0.6071645385597676 8.129878387556052E-4 
0.0 0.7466590669002813 0.08930321300826453 
0.17212737015267174 0.169895176329487 0.1902910297387453 
0.12003873968876944 0.5775586746703744 0.0 
0.257913923887482 0.23813274445078758 0.033361971698322036 
0.008477403988121766 0.5321348268209124 0.11617720619049356 
9.47294051988407E-4 0.9880623367804626 1.5621665815717346E-4 
0.2191741137931812 0.2863815357501858 0.03182778255980163 
0.5131761750458216 0.03786331725243895 0.08580489428807639 
0.00672018611476753 0.03632289653522458 0.8037455155638836 
0.03407989464167294 0.12963420014975488 0.4643206573037663 
0.011884363749209493 0.2836370243064228 0.3377668611759498 
0.23523084577802 0.23351536320891977 0.05046528087132234 
0.0 0.6559432121887694 0.13823162710142742 
0.42198896037055883 0.20622478671693853 7.952800343425634E-4 
0.03274419457773871 0.7918080154527651 0.008013759575367959 
0.3135636442512005 0.3132654292279015 6.849741033024993E-4 
0.387565246900564 0.06382253181951617 0.1622168526497975 
0.24341500046092104 0.026563541844467346 0.32243058479421205 
0.02408442347960327 0.011494140587987622 0.878778036681566 
0.15017974079746424 0.1860507652546385 0.11214155448531156 
0.09964500348187115 0.050765743836361406 0.4070310257435092 
0.781409794034978 0.013388442574661813 0.03000778872126504 
0.08849056135908971 0.5174070040861307 0.021167656751432982 
0.07538678789176777 0.07142143085878414 0.4437708267194389 
0.7912067239608571 0.08687190673749785 0.0 
0.05888798421694135 0.03399284880839421 0.4990711221868735 
4.8526586635340457E-4 0.041787991642874736 0.7247559361963566 
0.06439854564731477 0.4789410183170474 0.05112659031744683 
0.7688271242598802 0.0 0.04111430985587839 
0.03995164873770831 0.0 0.8157316911530875 
0.11123938594840278 0.3702135444312424 0.0993417369732065 
0.5988915507342488 0.03912764249444792 0.04137619893469221 
0.0 0.2425397732053144 0.5119055454925231 
0.09907759303929123 0.414533009724875 0.07342066401391896 
0.0 0.11972722997162767 0.5953350638297071 
0.04300195015033545 0.0017682159963087083 0.7483398383980617 
0.4589597987700849 0.16878638665333828 4.802982073016842E-4 
0.3706421687337914 0.27234389310359025 0.0020858821886801282 
0.5681814221178414 0.2140278536059979 0.0 
0.0018202587296056048 0.4832969316006581 0.13270698820873084 
0.2659319370519119 0.4031457430310453 0.0 
0.056488314643426685 0.7165284020130065 5.826188586370116E-5 
0.004442749862792919 1.528445263271627E-4 0.9236058658583962 
0.13742041211323544 0.4063509586729712 0.040105123133706545 
0.7462083629890011 0.0 0.07310106153806246 
0.6023362477523894 0.013750925001266399 0.05544926947112492 
0.1141207678037859 0.3723591813051711 0.07557243616216207 
0.1477239139168493 2.6719987091011525E-6 0.5700839370373245 
0.001503784038623186 0.8926767873285487 0.006773736991651511 
0.33175230517969195 0.02245627297295152 0.19228273019843864 
0.38452257583331834 0.22401321722951256 0.005104119297713167 
0.005274240073479398 0.300415582878364 0.29381797452344005 
0.01788571369873233 0.6620312644017452 0.0293743394420839 
0.47086745489164594 0.1464625290203085 0.012055767199197447 
0.08468718700432276 0.27232110435508144 0.111974955684831 
0.4847154846527102 0.05337468254566016 0.06399569620011623 
0.31027010875977223 0.0 0.5068279600277464 
0.15561975926035632 0.5288605014140323 0.0 
0.671255387061253 0.1180696449756432 0.0 
0.008449472614772795 0.7334446532018918 0.03158199789000692 
0.8014529385402357 0.07656043051343742 0.0 
0.26449706048878047 8.956131247942128E-5 0.48598805383614807 
0.0029141872693197696 0.04812519658530387 0.6823935369230578 
0.41302622399721767 0.0 0.24838395584006884 
0.5534594861203476 0.1590941126349962 3.262557644098315E-4 
0.4724418896163378 0.10481750888160563 0.09560183622049694 
0.24793591307636076 0.023164281444260144 0.22748562452835983 
0.23596494162919202 0.26513931629428183 0.03839509298122746 
0.6747233863292121 0.08259753857492655 7.756346066829075E-5 
0.03491334843064997 0.0015820808066787598 0.8682882084804647 
0.31431050622419854 0.15668408014739615 0.07373965072783688 
0.4879288410821926 0.0 0.23621242442480475 
0.017563593244990964 0.7806188170795134 0.02171983058386463 
0.42510487387034246 0.3232695948745774 0.0 
0.0017737511995728572 0.005574145423094767 0.9420619244811602 
0.007786927171556593 0.0 0.9330447543291525 
0.17090434439256735 8.73198301597922E-4 0.4749752949507752 
0.5621193275954229 0.15439569119866753 3.3425852984887954E-6 
0.04253172327650942 0.11420601425480288 0.44260245857049596 
0.8910482823970864 0.007917635470739173 1.1642982981232848E-4 
0.003522739501775088 0.43482502610364687 0.20459138344678268 
0.13077781474302128 0.25724767529272624 0.166994948894725 
0.057274198810952186 0.726496982776637 3.162960303684157E-6 
5.002821848448234E-4 0.9934338736690804 1.793627244760864E-4 
0.41558586596767816 0.22151347455308365 0.03479356934327084 
0.03859211004427599 0.5163512192390908 0.06205046765884598 
0.4935159924768848 0.15088314445385567 0.003102563107939657 
0.014510729187327933 0.6513716830703901 0.03858882612819616 
0.49614521543659695 0.0 0.225873953210737 
