0.09527102542112317 0.7936813387475898 0.9309606390219458 1.0 0.9699949720445482 0.8197183511332556 0.6272589390071774 0.3397970796789184 0.01198704286120697 -0.2848441291439906 
0.930162721220259 -0.10891497046362597 0.1952799003115694 0.4831843417331205 0.7345135064733004 0.9183958549570506 0.9996852661427498 0.9803248458328196 0.9020013292164566 0.6769297504598818 
0.07779508235548988 0.7260727949608123 0.903519367631407 0.9892810215306308 0.9855527631796206 0.8789032859633243 0.6978042525148029 0.4429511117678382 0.1427323294132649 -0.17893729133135491 
0.9954385201819427 0.27948835180624204 0.5625432673686394 0.787472183005089 0.9473827060263939 0.9902957046392699 0.9700515721256237 0.8219298435270732 0.6019127753517846 0.3350717672116712 
0.09181838037829851 0.7913280058675167 0.9336961189401718 1.0 0.9659725504336548 0.8455561571051216 0.6465747703065255 0.3872836996291779 0.05383118781382096 -0.2713526497187803 
0.03413975116452856 0.4986566335454648 0.7286073154123858 0.8975660150233293 0.9977526723857926 0.9908297532245591 0.8703929970026962 0.6608194688829431 0.39962859103301573 0.0826807744234399 
0.060553544796794916 0.629484614324253 0.8530579503472476 0.9717928361503019 1.0 0.9550679249902305 0.7826385740088324 0.5381986593914587 0.24863750954724056 -0.059884749465932315 
0.8892864006722863 -0.3859567836357465 -0.05618520166039509 0.23701530955905398 0.5307752826378499 0.776928654091698 0.928702070050707 0.9902882446449962 0.9615356446191261 0.8325454731669619 
0.9666458780661986 0.09153615317530893 0.41670634825740893 0.6839706974840873 0.8575058620346386 0.9744886360218953 0.995034709655858 0.895389763030247 0.7346708528369804 0.4926002645164029 
0.03786830025477932 0.5274220695168913 0.7581713079287549 0.9088272305531224 0.9847197852882748 0.9602184984656188 0.8446566128655194 0.6500648349975007 0.368616858137653 0.07057287294616732 
0.991083577586748 0.25929689466881456 0.5431887671186572 0.7737420034188087 0.9262249997167922 0.9999450299796719 0.9630503688803591 0.8363311556148838 0.6422152059291044 0.35897765939328885 
0.0647503551881447 0.6690366551621496 0.8538055919937868 0.9740871911872206 1.0 0.9444778649254136 0.7669732517182923 0.5184874236748978 0.21074096417450852 -0.11292100564718222 
0.05581945263513382 0.6132580845466071 0.8393154984306263 0.979590940943468 0.9946386838671999 0.9490846917011787 0.7834229106859372 0.553646241153201 0.2773522583859768 -0.04270461497966585 
0.9580847757861 0.057807302175711124 0.36500956961766673 0.6071825414141756 0.8196380804124508 0.9570525443239409 0.9826559757331407 0.9323305974974032 0.7677309467081208 0.5312398511028379 
0.05286941756893548 0.6036012034705529 0.8186229559886243 0.9690074803064468 0.9792162652278257 0.9444227302106365 0.7965438461029448 0.5331348257634201 0.2756734601571776 -0.03409203281196846 
0.08264389376779432 0.7337813136109318 0.9240627626222335 1.0 0.9535482292759456 0.8826575711052017 0.6561661202152937 0.42905250202888107 0.1013133966680884 -0.201013863035077 
0.026509039915326257 0.46254892171696305 0.7197051692687476 0.8873241715743054 0.9807105958256905 0.9856864544716716 0.8811165004831504 0.7067951229440695 0.43136484804049535 0.1399200874996866 
0.9444731414416595 -0.03689571927467952 0.2631133616802687 0.5505162347020237 0.7846672819163109 0.9339399719168302 1.0 0.9547903394966846 0.8298384959500045 0.6170719203856583 
0.9628045399362677 0.09283367868103051 0.37107829199378 0.6652684172298614 0.866134352305713 0.9828136790578019 1.0 0.9245545832517399 0.7627266946662106 0.5159863176953761 
0.07314857888789976 0.7007112133478807 0.8909536794581595 0.9839796725416954 0.9940377306441455 0.8900588236281202 0.7131176380494951 0.4781083093681102 0.16897847272439728 -0.14621353355696665 
0.9856350745332915 0.21603814282955797 0.48767616742049175 0.7317258153290145 0.8892389151779436 0.9982139299252832 0.9670831650175399 0.8413449595756104 0.6569476504119313 0.3853517821670697 
0.9350941076527552 -0.09102771748411166 0.20422843361299986 0.5065006910810588 0.7471239002264793 0.9179689870072117 1.0 0.9742087371532635 0.8618125564762666 0.6538654935420933 
0.7968738117813936 -0.843331324067127 -0.6124558584326213 -0.3132959102211363 -0.017877252443564126 0.30630536002488357 0.5776987007693064 0.7865410296182129 0.9623279031625065 1.0 
0.151550951145758 0.9488727584602441 0.9965719200173834 0.9286044814686358 0.7980479989122451 0.5826646072674073 0.29147470353045024 -0.005470836451563849 -0.3034860145824281 -0.5914713547942378 
0.24564898900151466 0.951170941135701 0.8145674939133807 0.5969825475296708 0.33892377218966285 0.02463136274813217 -0.267280292268015 -0.5902369593583146 -0.7843611943704981 -0.9369809089342112 
0.8183000867752426 -0.7442624680452222 -0.49285756772768774 -0.188908062814901 0.12364574532589259 0.4388900292795217 0.6795933376097886 0.8639183624070181 1.0 1.0 
0.0690264302814734 0.6849210122471463 0.8758582397160013 0.9475814218424718 0.9870669167091831 0.9058105672894936 0.7342391341331673 0.48527833389799957 0.21276689390503375 -0.10667251076168269 
0.7660207326035653 -0.9246757935883004 -0.7433769928212978 -0.5002298107865851 -0.21037609710308092 0.09856514113364184 0.4152980848294595 0.6572038200168022 0.8734950699790405 0.9950502890825965 
0.04719799299137832 0.603852414876752 0.7875409761294314 0.9373560672233743 0.9874897278660236 0.941951695946389 0.8162746640418888 0.5868014780637759 0.3324373195069283 0.005741591113859551 
0.8931053374134668 -0.3414664433360972 -0.05108309184158649 0.2855697645446017 0.5617851172355264 0.7889027713911418 0.9437384771357682 1.0 0.9864639997733018 0.8513785211877334 
0.9390511122660106 -0.07956623708092622 0.25141908221507103 0.5294026732123199 0.7773882119815759 0.9424584768164244 1.0 0.9772700090801056 0.853433652492321 0.6431245600881738 
0.1560513763777719 0.9769474490393767 1.0 0.9301319260652957 0.7929562515229114 0.5485236888409009 0.29892067218615714 -0.04881365662867035 -0.3390075380183885 -0.617239945233667 
0.949168353372848 -0.01897606195667456 0.3140529184871048 0.5698791582926794 0.7931172381444196 0.957107514344269 1.0 0.9588603212779596 0.8182515056244108 0.5804169544633432 
0.8833981427425207 -0.37856562301742147 -0.11155380684920518 0.19761106210762866 0.5154020149877221 0.7972825164721742 0.9358813423340044 1.0 1.0 0.9046598873587821 
0.7625316574508609 -0.9642721998291521 -0.7658687700915724 -0.5151942340772055 -0.2506187403351925 0.07256324018662486 0.3880619509426376 0.6571384589189435 0.8735810684984924 1.0 
0.15985050106128113 0.9550717542874727 1.0 0.939255012635192 0.7711768332556104 0.5347442847129504 0.24281514152677647 -0.04896746931273166 -0.37873367765125154 -0.6404155096782963 
0.14671407883855841 0.9378677429193841 1.0 0.97177687238644 0.8212986696619133 0.6088876304504042 0.31583815898202916 0.02881679420722552 -0.2955964881967269 -0.5749302969638223 
0.7713983806429936 -0.9079065926036206 -0.7363211090929846 -0.4621063775373508 -0.1865449838652822 0.14288937539230503 0.4375549823240157 0.7246282680478502 0.910473106722264 0.9767922858911879 
0.9034584631395113 -0.28978181483382603 0.028272445735483882 0.30584484016540914 0.5879437244671823 0.8326988496856174 0.9571935566450882 1.0 0.9273105069595091 0.7985568435958722 
0.7810817282441063 -0.8912082868981339 -0.6587854733937141 -0.434656929416847 -0.11704655527519725 0.22048086885631468 0.4774966934108667 0.7333636662477265 0.9148308779411518 1.0 
0.13311084351602376 0.8964452435540446 0.9670739213892368 0.9756942046186396 0.847711538435546 0.6515769764137656 0.40859584749174405 0.11574168054407358 -0.1965826780377964 -0.4980288484160458 
0.23998081627732595 0.9755827864732733 0.8466260351762908 0.64338641221758 0.3730133106659415 0.0637211599737536 -0.2457549124713977 -0.5417630486642987 -0.7772038533223173 -0.9324591372444813 
0.21831892640809109 1.0 0.9014766677050104 0.7140090082462677 0.4846431356549756 0.19587164065325086 -0.12165728273287302 -0.41830899859856396 -0.6690261124295304 -0.8731241064793493 
0.7862529394329459 -0.8550995564660734 -0.6562042074596501 -0.3807535758476944 -0.09007963802357469 0.238057175829207 0.5248829394156632 0.7557977236240824 0.8953066615578744 0.9977829854521386 
0.9257150738638511 -0.1451597156935438 0.145343505545731 0.4624851474600939 0.7095805185366479 0.9019980020975933 0.986028586452645 0.9936271348098423 0.8937866170025288 0.6906590666985283 
0.8981236758383919 -0.31110577715663706 -0.01577214042159685 0.2918611468200992 0.5854800503005724 0.8153603952910542 0.9365339090876297 1.0 0.9179073615709086 0.810110914400263 
0.0 0.30695489466612835 0.5901372464154035 0.8097826909400281 0.9511173834464131 0.9999999980155911 0.9506964294141902 0.8081272296356777 0.5890109690395127 0.3071536403397163 
0.9203395036428994 -0.16754202194096104 0.14430539971790593 0.40633762666722417 0.6907239414552727 0.8839767248210839 0.9756665328369681 0.9863950514903438 0.9120523911374693 0.7147803451430372 
1.0 0.3069652427343717 0.5900906190902293 0.8107746046145712 0.9511100394599034 0.9999999980513354 0.9511628277285922 0.8081272297436249 0.5891339202487753 0.3071536419983334 
0.9534441535886523 0.01605212691959082 0.3322380794908312 0.5967904675463487 0.8229694537421182 0.9505851237312744 0.9928041831209765 0.9370874588218658 0.7817675079144389 0.5603525318786734 
0.9150063362900045 -0.2322143597308449 0.1120164077338815 0.39954408183395623 0.6428673807340654 0.8704684361207153 0.9774529375274101 1.0 0.9118439939230913 0.752357749968422 
0.8395337389937323 -0.659026108364757 -0.35557677170932983 -0.05875164902606606 0.24031124597038617 0.530686225278696 0.7617830252885323 0.9141203353747415 0.992491646894649 0.9725178637721186 
0.24885083045287698 0.9563078270047097 0.8174440499246682 0.5941782795739452 0.33185205922780747 0.006806718076152032 -0.2960004985997245 -0.6012760733692672 -0.8001321856130017 -0.9586776667952142 
0.7754976433540894 -0.8851154178094667 -0.7008718231002207 -0.40806466075238745 -0.15481825044758526 0.18734935975167033 0.4709929779048681 0.6978468738460579 0.9151955721015629 1.0 
0.8066353021406292 -0.7922358365149393 -0.5535771143801201 -0.27807137105512664 0.04037516823900904 0.34989548055840847 0.6167631637663243 0.8323381994995006 0.9585983277571202 0.9997944977899701 
0.18903869658390596 1.0 0.9663685439186706 0.8424197272195427 0.6446658508830561 0.37270678771296234 0.05707281187853121 -0.2492064839656227 -0.5115933244251848 -0.77360927595552 
0.8534177920840491 -0.5783300282178658 -0.2784737686496134 0.03163099193612591 0.33933351543935547 0.5996562157927849 0.8268157098194279 0.9449583556570212 0.9998280029610961 0.9529120521303284 
0.8642230083475839 -0.5205122607325599 -0.22081560098203917 0.0826298714931115 0.3821481264125554 0.643633332174423 0.8806274787884872 0.9557689036341339 0.9795599879707744 0.9285044539671281 
0.0870880892906701 0.7634446415756759 0.9170542936820995 1.0 0.9729426014639101 0.8565922106337326 0.6580780409346305 0.37596083671833397 0.08177918772042053 -0.23918815378892094 
0.9772936374326124 0.17050072663701396 0.46628405622398716 0.7125870303349506 0.8973097953407039 0.9994271003044112 0.9876995599932078 0.8779738331825176 0.6967199631446078 0.440335630789505 
0.20562250935343163 1.0 0.9473560106673662 0.7848582386573242 0.5433600645511216 0.2680781013288337 -0.03680626739709446 -0.34156245590219225 -0.6111502821418723 -0.8221660644374875 
0.12084267006293016 0.8788927124898015 0.9870654944037818 0.999588584315155 0.9082270756422336 0.7280217830803762 0.4836557436637556 0.16371762027326545 -0.12593531735375657 -0.4238996040693819 
0.22240890355689863 0.9755827864732733 0.8815824292651876 0.7016107922298316 0.4761238077227363 0.1635273943560789 -0.13732483147328656 -0.4291107496624702 -0.694176988668896 -0.8610705539229176 
0.19502837331585465 0.9872567768382396 0.979435374766755 0.8359212318914659 0.6214527382381387 0.3472669205442027 0.031969083712435856 -0.2675662053324672 -0.5526149188366358 -0.7861107490678636 
0.20057889805698903 0.9872567768382396 0.9480726486898454 0.8124252735335373 0.5907006444759366 0.3126208298023781 -0.0042400247047898985 -0.2998028811901092 -0.5853509253752422 -0.8105295331581417 
0.8343984992788847 -0.6828896302749279 -0.3929684620545615 -0.11138089738947064 0.20717859507134453 0.5073665252626359 0.7471158387678584 0.9292983347723509 1.0 0.9719804610769482 
0.8819272027644846 -0.42294130630254445 -0.10260888418679015 0.1946145004874813 0.49926342084852515 0.7350777807819995 0.8982276588743907 0.9747525344404193 0.9634832564408506 0.8750953337816461 
0.17694954715073555 1.0 0.9885858831999794 0.8842662152010146 0.7079747491323206 0.4371765171948082 0.14404203043546818 -0.1644368051850797 -0.4626514044112382 -0.7149139117106444 
0.8466641556931807 -0.6034784806462381 -0.32800750052107636 -0.027639655882401956 0.274304241355824 0.5632502389177914 0.8070162926836676 0.9152489070091323 0.9796459864902263 0.9520484279019639 
0.8688614562232665 -0.4871893363617516 -0.16543022237303606 0.09406227493346545 0.39212535428752626 0.6750017243900508 0.8586437597342609 0.9590002635737083 0.9679454123269094 0.9078667664171227 
0.9712139173547165 0.12553801173188872 0.4177319047209711 0.6956037351498856 0.882333506961599 0.9895802450835673 0.9872898612992929 0.8910843625779458 0.7380554209118539 0.47318426055321583 
0.1371894167036256 0.9246157248630293 0.9983247106095994 0.9841977296173555 0.8666391011141741 0.6574704583588219 0.4041517679746807 0.06773637279140564 -0.23330150739316335 -0.5098223881238662 
0.8770010202917952 -0.45730198444198616 -0.1464025281532853 0.147902940144522 0.4613795820644969 0.71982234592659 0.9127579690458627 0.9855630824175321 0.9795599879707744 0.8709974840031333 
0.23478741234946446 0.9705950085667461 0.8575826889049921 0.6696109049810576 0.39975730945644206 0.09490557572287484 -0.22816896469547787 -0.4923404099821108 -0.7477450372814933 -0.9142834867357935 
0.1155040119784446 0.8792367030540575 0.9917024633519349 1.0 0.9155790704899358 0.765780083461699 0.5070570880950058 0.20181875871050511 -0.10383690225852682 -0.4239264926247599 
0.8705740214807908 -0.49117356435122334 -0.16451216561991122 0.14552071334767103 0.4723632987889254 0.7347913319085373 0.9164960250066985 1.0 1.0 0.9416863281772319 
0.9821671551734961 0.20570360023116563 0.4922321159880953 0.736745748500932 0.9024960143485322 1.0 0.9821283944332813 0.864542829729306 0.6927357648453946 0.4056497190029339 
0.7911586840876224 -0.8468704264576015 -0.6422846708679298 -0.3717128743677445 -0.055353022326585996 0.2633807718611792 0.5332774507463812 0.7723776770879724 0.9174855767671648 0.9997944977899701 
0.8290061275562907 -0.6855130897882519 -0.4267601624151102 -0.13159065367058412 0.1855677653023315 0.47231491215086463 0.7346224868809776 0.8913980720173149 0.9958519573311544 0.9789291965414679 
0.010552949026821051 0.36931524826746687 0.6494867947659126 0.8514816732968356 0.9651098941213647 0.9999999990077956 0.9222442898486484 0.7588516855025895 0.5320705647412218 0.246453901850924 
0.18271964788727707 0.9982373485586107 0.9812651721629895 0.8692689883580118 0.6633219236872341 0.4108940824834466 0.10105545350865164 -0.2114828652893712 -0.4995302048862669 -0.7501856059799827 
0.17092990053586435 0.9800610347996188 0.9883447217164685 0.9025302168682399 0.720393197662096 0.48081753797379245 0.1875733230852052 -0.13488981577889927 -0.40522255839525884 -0.6803690741522991 
0.04259060325911093 0.5551007509071286 0.7810556466405059 0.9436620857871527 1.0 0.9665453961387189 0.8451077471287027 0.6284490188351162 0.3493800628699316 0.04273513627330233 
0.8009992913075408 -0.8087443875461617 -0.5929137827573128 -0.3170708089281571 0.01034802467990805 0.3237587540338721 0.5860956429774012 0.8113294864360378 0.9648691256798796 0.9998651101881731 
0.021105898053642103 0.43167560186880544 0.6809507659668894 0.8633514371623808 0.9879147153862051 1.0 0.8937921502831065 0.7241955318117536 0.47513016044293105 0.18485296844860316 
0.14273943140639428 0.9220919650760052 0.9830337253941721 0.9421331076005073 0.8183731057013814 0.6044368035842906 0.33775151577193885 0.041128867851157824 -0.2587633091336565 -0.5434004675511406 
0.8595506202911971 -0.5386244534035209 -0.2459932878828708 0.07350161268966025 0.3728963385815952 0.6275980726203627 0.8567659367773325 0.9379336417754119 0.9896509962062092 0.9429460355428362 
0.8236941718254618 -0.7133983718559485 -0.45528720910790593 -0.1819057480606527 0.15170156687169006 0.4338350233459033 0.7084468461236365 0.8860831934012229 0.9921910513898876 0.9789287081111862 
0.00583787764124934 0.36253771471637375 0.6319523498302958 0.8313030195873978 0.9764747774842182 1.0 0.9332993253274867 0.7817593129326921 0.5417410980517872 0.29274339223836715 
0.8120349643501198 -0.7481301262443133 -0.516570730077513 -0.2651195388592909 0.07440982585599282 0.37071652268549904 0.6444681194507529 0.8532847110707829 0.9926781881174664 0.9983367675065091 
0.03266340262961505 0.45705863585677753 0.7187902705706304 0.8706502933410325 0.9597760031011429 0.9538728735020496 0.8465733155850425 0.6787534529225215 0.4048224910653109 0.12195751595574617 
0.016593054239208906 0.39510099480027006 0.6780691003027937 0.8931806556536431 1.0 1.0 0.9161919542506993 0.7542190460506004 0.47513016044293105 0.21160752806544592 
0.8424726357972405 -0.6034784806462381 -0.32417783454935023 -0.027639655882401956 0.274304241355824 0.5632502389177914 0.8070162926836676 0.9152489070091323 0.9946239040934072 0.9805971392069044 
0.9087277528262219 -0.2585388653004057 0.06187779520669675 0.36481348143782133 0.6319479863296983 0.8460804758698292 0.9588826191101869 0.9945856047362414 0.905773997344622 0.7687615363970506 
0.10181233414632102 0.8195387531888498 0.9554722597682348 1.0 0.9522915997287794 0.7985167046828366 0.5864432506542204 0.2942512364047925 -0.003631685081676772 -0.3179396809460457 
0.2118480631699325 1.0 0.9416489522673559 0.7634756900866217 0.5262494451873663 0.2294288900597048 -0.07509005580921072 -0.38453660890783176 -0.6483256859024452 -0.8433055004094927 
0.22760431478802515 0.9854601327071588 0.8812385287054674 0.6916972695558858 0.4342798293047516 0.14381266913187363 -0.16372410063450094 -0.45520239829514386 -0.714943731807467 -0.9069932216011023 
0.16703866282373708 0.9556085184975391 0.9671324388663203 0.8836037211563789 0.733234528757438 0.47987053546460623 0.18935813221818493 -0.10112431436020994 -0.38766173635764534 -0.6740367400407007 
0.10852931566205298 0.8441839301520104 0.9774815675883647 1.0 0.9287714622704422 0.771697089973773 0.5429643606983876 0.24669454088739534 -0.054875213856074925 -0.37188702339163676 
0.12692983301552657 0.8912780717946972 0.9898725116117678 0.9848982047419121 0.8914396072482142 0.6951450334770802 0.4521439637645126 0.16127452343192622 -0.15735938226017998 -0.4812240023226605 
